-19.647952
-19.276924
-19.378928
-19.225066
-19.414109
-19.889945
-19.835708
-19.922054
-19.771829
-19.941279
-19.059434
-19.999838
-19.215082
-19.165282
33.261754
-19.810806
-19.259945
-19.198168
-19.268035
-19.701796
-19.377787
-19.494991
-19.373555
-19.099372
-19.128100
-19.965174
33.452983
-19.372114
32.788271
-19.605063
33.273834
-19.359681
-19.881988
-19.605094
-19.584747
-19.296096
-19.495039
-19.420455
-19.218150
-19.266868
-19.361734
-19.277584
-19.266706
-19.576816
-19.442866
-19.504952
-19.387622
-19.702811
-19.703120
-19.655658
-19.404607
-19.080907
-19.150649
-19.778162
-19.180279
-19.278749
-19.743336
-19.227296
-19.650863
-19.455065
-19.832359
-19.877029
